0 0.290773 0.564417 0.014880 0.062167
0 0.218154 0.568653 0.013391 0.068787
0 0.156174 0.469046 0.013391 0.062167
0 0.181846 0.460713 0.012651 0.052907
0 0.152977 0.426986 0.011161 0.050269
0 0.193154 0.377250 0.008182 0.039685
0 0.201414 0.375398 0.011161 0.048944
0 0.349628 0.382542 0.014880 0.041009
0 0.353049 0.360847 0.008182 0.029102
0 0.422099 0.460185 0.011906 0.055556
0 0.355284 0.468255 0.012651 0.047620
0 0.695833 0.671032 0.015625 0.075398
0 0.699331 0.508333 0.016370 0.055556
0 0.863987 0.520898 0.018599 0.062167
0 0.612500 0.377778 0.015625 0.046296
0 0.601786 0.379894 0.011906 0.044972
0 0.610044 0.430421 0.014880 0.051583
0 0.596503 0.429102 0.014880 0.048944
0 0.530357 0.357671 0.009672 0.035713
2 0.369643 0.429630 0.011161 0.046296
0 0.599703 0.324074 0.011906 0.037037
3 0.620188 0.359139 0.004958 0.007167
1 0.899568 0.410185 0.010594 0.050000
2 0.151443 0.337477 0.011219 0.041620
