0 0.414672 0.452278 0.012677 0.060111
0 0.274372 0.714824 0.021661 0.066685
0 0.409216 0.558343 0.014266 0.066685
0 0.418870 0.543514 0.016906 0.064806
0 0.339174 0.515750 0.015849 0.066685
0 0.407125 0.476847 0.013208 0.064806
0 0.423286 0.475852 0.015323 0.055407
0 0.440443 0.463375 0.011094 0.058231
0 0.458135 0.425843 0.008979 0.053537
0 0.475081 0.421222 0.011620 0.055407
1 0.295161 0.433301 0.015323 0.061046
2 0.459523 0.586171 0.021130 0.074194
0 0.495440 0.578671 0.017964 0.061046
0 0.606648 0.568500 0.019547 0.062926
0 0.635815 0.581088 0.019547 0.075139
0 0.708469 0.596866 0.019021 0.080769
0 0.586276 0.479153 0.011094 0.063861
0 0.565714 0.488426 0.012677 0.065741
0 0.551901 0.445310 0.011094 0.057287
0 0.642065 0.448102 0.019547 0.059167
3 0.503177 0.653810 0.007396 0.015028
0 0.870461 0.527315 0.021130 0.065741
2 0.608023 0.313556 0.010839 0.041926
