0 0.152865 0.541667 0.013021 0.051852
0 0.120833 0.479167 0.009375 0.052778
0 0.136719 0.477315 0.009896 0.052778
0 0.334635 0.468519 0.011979 0.048148
0 0.426042 0.471759 0.013542 0.052778
0 0.387760 0.429630 0.013021 0.048148
0 0.495052 0.534722 0.015104 0.060185
0 0.578125 0.506019 0.014583 0.054630
0 0.603385 0.493519 0.018229 0.055556
0 0.668490 0.532407 0.015104 0.061111
0 0.691927 0.528704 0.013021 0.055556
0 0.732031 0.580556 0.011979 0.059259
0 0.761198 0.511574 0.011979 0.056481
0 0.751823 0.489815 0.009896 0.050000
0 0.719271 0.480556 0.010417 0.053704
0 0.695312 0.459722 0.013542 0.049074
0 0.682813 0.468056 0.010417 0.056481
0 0.593490 0.479167 0.013021 0.050926
0 0.534375 0.452315 0.013542 0.043519
0 0.478385 0.419444 0.011979 0.042593
2 0.495052 0.453704 0.013021 0.051852
1 0.813281 0.446296 0.009896 0.048148
2 0.021747 0.404810 0.010161 0.048509
