0 0.061198 0.448611 0.010937 0.060185
0 0.449219 0.381944 0.014063 0.056481
0 0.492708 0.333333 0.011458 0.051852
0 0.448437 0.306944 0.009375 0.047222
0 0.368229 0.295833 0.010417 0.032407
0 0.373177 0.289815 0.009896 0.040741
0 0.584375 0.393519 0.012500 0.053704
0 0.390365 0.397222 0.013021 0.059259
0 0.625521 0.432407 0.011458 0.066667
0 0.637760 0.423148 0.008854 0.055556
0 0.637240 0.413426 0.008854 0.058333
0 0.644792 0.412963 0.008333 0.062963
0 0.666146 0.426852 0.007292 0.064815
0 0.672917 0.432407 0.007292 0.072222
0 0.680990 0.438889 0.007812 0.062963
0 0.613021 0.416204 0.009375 0.060185
0 0.620573 0.418519 0.007812 0.059259
0 0.620313 0.405093 0.007292 0.060185
0 0.614062 0.385185 0.014583 0.053704
2 0.415885 0.303241 0.008854 0.052778
1 0.815625 0.382407 0.014583 0.062963
3 0.375742 0.305949 0.003568 0.006343
