0 0.467987 0.590435 0.021391 0.067907
2 0.535089 0.542347 0.011844 0.062472
0 0.553839 0.530958 0.011844 0.056361
0 0.570677 0.620991 0.019479 0.067907
0 0.514497 0.635403 0.013370 0.072657
3 0.463992 0.612162 0.006109 0.009509
0 0.449115 0.585620 0.014896 0.063833
0 0.454081 0.534417 0.013370 0.057722
0 0.334115 0.593213 0.017188 0.067907
0 0.334359 0.573921 0.018719 0.064509
0 0.203385 0.564912 0.017188 0.063157
0 0.164654 0.597162 0.016807 0.066546
0 0.215839 0.470019 0.011885 0.058556
0 0.235992 0.442606 0.010526 0.053731
0 0.267604 0.406898 0.009167 0.045278
0 0.360133 0.395421 0.009849 0.050102
0 0.473617 0.449125 0.014943 0.050102
0 0.664716 0.589000 0.019016 0.072444
0 0.755680 0.536384 0.019693 0.057954
0 0.766326 0.570259 0.014943 0.064593
0 0.776221 0.449690 0.014943 0.054935
0 0.654948 0.372940 0.007812 0.045880
2 0.323760 0.301838 0.011062 0.037009
2 0.892807 0.744088 0.014781 0.075213
