1 0.306086 0.741569 0.021547 0.069250
0 0.363160 0.703757 0.013820 0.063069
0 0.368020 0.688194 0.017289 0.054167
0 0.301844 0.645424 0.013062 0.063069
0 0.290898 0.614528 0.014609 0.062389
0 0.248918 0.675278 0.013461 0.064444
0 0.121785 0.452799 0.012320 0.050042
0 0.194242 0.565951 0.011922 0.056903
0 0.230582 0.586167 0.014289 0.061222
0 0.214520 0.534813 0.011852 0.058514
0 0.232410 0.537660 0.017945 0.053097
0 0.259293 0.570958 0.017023 0.055806
0 0.221855 0.495347 0.012461 0.060139
0 0.278859 0.491215 0.013969 0.057431
0 0.298277 0.537354 0.010617 0.055264
1 0.272824 0.042542 0.009711 0.040639
0 0.290477 0.301583 0.010641 0.050389
0 0.429043 0.383021 0.012773 0.046597
3 0.917852 0.665951 0.006016 0.012458
0 0.882926 0.616181 0.012727 0.060139
0 0.807039 0.608931 0.009391 0.062306
0 0.582770 0.623431 0.026477 0.057972
0 0.607008 0.547347 0.012453 0.055806
2 0.556023 0.502868 0.016734 0.058514
2 0.679555 0.133556 0.012234 0.044889
