3 0.556174 0.730616 0.008182 0.014935
2 0.562284 0.415301 0.013109 0.047269
0 0.163323 0.511375 0.018312 0.061639
0 0.289388 0.435602 0.012109 0.054537
0 0.294742 0.370032 0.010318 0.047472
0 0.355440 0.324560 0.006714 0.039861
0 0.393789 0.328449 0.008411 0.040231
0 0.412034 0.432000 0.011568 0.047333
0 0.446896 0.372116 0.011500 0.042380
0 0.466945 0.381449 0.012016 0.042528
0 0.498104 0.432407 0.016000 0.050000
0 0.407617 0.546565 0.017318 0.057944
0 0.395378 0.699500 0.029297 0.067519
0 0.457339 0.691986 0.019885 0.065454
0 0.763591 0.606583 0.013641 0.057611
0 0.816641 0.589185 0.020781 0.067259
0 0.775969 0.420810 0.013396 0.050880
0 0.753544 0.394199 0.013339 0.049509
0 0.687740 0.337153 0.010896 0.040972
0 0.617107 0.471514 0.017547 0.052287
0 0.638659 0.425259 0.014818 0.048667
0 0.641971 0.385407 0.013109 0.041185
2 0.872927 0.760208 0.021896 0.081528
2 0.347062 0.287083 0.014958 0.037130
