0 0.464844 0.570833 0.016146 0.076852
0 0.534896 0.634722 0.014583 0.075000
0 0.427344 0.434259 0.014063 0.059259
0 0.305469 0.528704 0.013021 0.062963
0 0.276302 0.497685 0.018229 0.067593
0 0.275260 0.406944 0.015104 0.060185
0 0.300521 0.399074 0.011458 0.061111
0 0.320573 0.335648 0.011979 0.049074
0 0.373698 0.325926 0.010937 0.050000
0 0.385417 0.295370 0.011458 0.040741
0 0.532292 0.332407 0.017708 0.038889
0 0.571875 0.419444 0.012500 0.059259
0 0.575000 0.456481 0.011458 0.057407
0 0.852604 0.503704 0.014583 0.074074
0 0.622917 0.349537 0.012500 0.050926
0 0.665365 0.312037 0.013021 0.050000
0 0.659115 0.305556 0.009896 0.044444
0 0.648698 0.280093 0.010937 0.037963
0 0.576302 0.290278 0.018229 0.045370
0 0.474479 0.274537 0.008333 0.039815
2 0.451042 0.400926 0.012500 0.057407
2 0.337867 0.272398 0.013234 0.033685
2 0.965469 0.771782 0.016354 0.088009
