0 0.479612 0.544444 0.018599 0.064815
0 0.368154 0.499472 0.023807 0.067463
0 0.206995 0.496032 0.011906 0.066139
0 0.232367 0.432671 0.012651 0.063491
0 0.214880 0.428176 0.014135 0.067463
0 0.392708 0.405954 0.010417 0.058204
0 0.396727 0.377778 0.011161 0.046296
0 0.395461 0.347620 0.009672 0.048944
0 0.456547 0.391667 0.014135 0.055556
0 0.439807 0.312435 0.011906 0.048944
0 0.516221 0.354495 0.012651 0.042324
0 0.508036 0.330421 0.011906 0.042324
0 0.501487 0.322356 0.013391 0.041009
0 0.600669 0.352250 0.014880 0.048944
0 0.614880 0.429630 0.014135 0.055556
0 0.841591 0.472620 0.013391 0.067463
0 0.812352 0.396032 0.016370 0.056880
0 0.568305 0.438491 0.017859 0.062167
0 0.563096 0.382009 0.012651 0.052907
3 0.570763 0.388764 0.004026 0.009009
2 0.522182 0.412477 0.014156 0.060139
0 0.267815 0.399593 0.012714 0.062148
1 0.033068 0.408366 0.015094 0.059324
2 0.893854 0.839556 0.027292 0.105037
2 0.404583 0.287306 0.012292 0.043130
