3 0.524344 0.282056 0.004938 0.008556
0 0.502195 0.261181 0.013766 0.044583
0 0.402555 0.289708 0.016047 0.046083
0 0.453621 0.391326 0.013492 0.052097
0 0.488699 0.397292 0.014898 0.044583
0 0.558437 0.336431 0.013750 0.045083
0 0.561574 0.361521 0.010648 0.053597
0 0.357590 0.485771 0.018305 0.052097
0 0.393973 0.500917 0.012945 0.054611
0 0.471309 0.486139 0.012930 0.055611
1 0.463187 0.708583 0.018563 0.061611
2 0.607879 0.443333 0.015758 0.056111
0 0.660074 0.430965 0.015461 0.053597
0 0.689414 0.482722 0.013203 0.057111
0 0.771711 0.493694 0.016859 0.059611
0 0.778691 0.454444 0.012070 0.056111
0 0.787207 0.420132 0.013477 0.048597
0 0.779949 0.368882 0.014586 0.054431
0 0.969793 0.457292 0.014586 0.053472
0 0.662195 0.262549 0.011891 0.050097
1 0.466211 0.019264 0.010547 0.038528
0 0.301547 0.266958 0.014031 0.050583
0 0.204953 0.487181 0.014594 0.054917
0 0.049180 0.472382 0.018672 0.055875
2 0.913113 0.175937 0.015289 0.051875
