0 0.518555 0.866694 0.026172 0.086167
0 0.762492 0.829833 0.024984 0.084667
0 0.414621 0.613688 0.018305 0.080153
2 0.448969 0.599569 0.024500 0.074139
0 0.528262 0.656792 0.031523 0.069139
0 0.627148 0.622792 0.023047 0.076139
0 0.583914 0.563736 0.019391 0.069139
0 0.520090 0.488208 0.015180 0.073639
1 0.564977 0.470764 0.014328 0.047083
0 0.651410 0.524590 0.013758 0.068625
0 0.656660 0.499868 0.014883 0.063625
0 0.709590 0.472319 0.012930 0.069639
0 0.784504 0.508681 0.014320 0.070139
0 0.798039 0.554375 0.021078 0.072639
0 0.885770 0.621931 0.016852 0.071639
0 0.828207 0.745271 0.026727 0.076653
0 0.771590 0.723569 0.030680 0.072139
0 0.339531 0.557562 0.016563 0.065125
0 0.237777 0.555764 0.014617 0.072639
0 0.256984 0.675187 0.023344 0.078153
0 0.147852 0.592764 0.019141 0.071639
0 0.388125 0.906333 0.016875 0.087667
