1 0.523633 0.309083 0.008203 0.029278
0 0.525703 0.392986 0.007656 0.033194
0 0.514129 0.406569 0.006383 0.021472
0 0.514078 0.431708 0.007844 0.032861
0 0.509070 0.489146 0.008766 0.033847
0 0.492707 0.460062 0.010414 0.031236
0 0.446898 0.434076 0.007859 0.034819
0 0.437340 0.395188 0.007492 0.034819
0 0.411281 0.465535 0.010063 0.033847
0 0.550980 0.510306 0.011336 0.034500
0 0.584027 0.452292 0.007117 0.035139
0 0.589313 0.457278 0.006750 0.036778
0 0.596617 0.404271 0.007297 0.027986
2 0.620145 0.423625 0.007477 0.030583
0 0.634113 0.420028 0.007289 0.034500
2 0.819184 0.387931 0.007117 0.028639
0 0.892559 0.668111 0.014805 0.050111
0 0.927441 0.699319 0.011133 0.051417
0 0.935352 0.698854 0.008203 0.039375
0 0.328371 0.466021 0.006742 0.034819
0 0.295512 0.429583 0.008211 0.034167
0 0.161867 0.567069 0.012797 0.039694
1 0.498422 0.899243 0.012469 0.056819
2 0.114738 0.535944 0.010727 0.035778
2 0.151035 0.504257 0.008320 0.030736
