0 0.654948 0.269907 0.015104 0.069444
0 0.377865 0.523148 0.021354 0.100000
0 0.399479 0.367593 0.021875 0.079630
0 0.425000 0.326852 0.021875 0.077778
0 0.341927 0.264815 0.019271 0.070370
0 0.168750 0.327778 0.014583 0.079630
0 0.059896 0.292593 0.019792 0.081481
0 0.033333 0.420833 0.023958 0.089815
0 0.764583 0.689352 0.028125 0.108333
0 0.590365 0.488889 0.022396 0.098148
0 0.640885 0.350926 0.022396 0.087037
0 0.661458 0.305093 0.014583 0.076852
0 0.778385 0.279630 0.020313 0.077778
0 0.883854 0.368981 0.016667 0.089815
0 0.935677 0.362037 0.023438 0.090741
0 0.966406 0.525000 0.027604 0.105556
0 0.833073 0.284722 0.024479 0.080556
0 0.458594 0.269907 0.014063 0.078704
0 0.468490 0.243519 0.020313 0.074074
3 0.465625 0.214352 0.009375 0.012037
2 0.620833 0.343519 0.017708 0.088889
2 0.121552 0.246759 0.019146 0.067593
