0 0.339583 0.613889 0.018750 0.081481
0 0.165625 0.531481 0.016667 0.070370
0 0.124740 0.593056 0.020313 0.078704
0 0.107292 0.766667 0.022917 0.100000
0 0.139583 0.438426 0.021875 0.069444
0 0.273958 0.439352 0.017708 0.062037
0 0.213281 0.383796 0.016146 0.054630
0 0.187240 0.356481 0.019271 0.062963
0 0.326823 0.317130 0.018229 0.043519
0 0.343750 0.279630 0.015625 0.042593
0 0.390365 0.332407 0.014063 0.053704
0 0.376042 0.411111 0.015625 0.062963
0 0.529167 0.559259 0.015625 0.074074
0 0.580990 0.396296 0.015104 0.062963
0 0.528125 0.380556 0.015625 0.057407
0 0.700521 0.392130 0.017708 0.065741
0 0.741667 0.320833 0.016667 0.054630
0 0.656771 0.311111 0.015625 0.053704
0 0.926823 0.295370 0.015104 0.033333
1 0.987760 0.295370 0.020313 0.055556
0 0.423698 0.269444 0.014063 0.050000
2 0.419010 0.378241 0.014063 0.065741
2 0.208253 0.254213 0.017547 0.039907
