0 0.838021 0.686111 0.026042 0.079630
0 0.836458 0.626852 0.016667 0.072222
0 0.697917 0.551852 0.025000 0.070370
0 0.600000 0.470370 0.014583 0.059259
0 0.805208 0.501852 0.020833 0.066667
0 0.931771 0.538889 0.021875 0.070370
0 0.896875 0.487963 0.020833 0.061111
0 0.928125 0.438889 0.016667 0.062963
0 0.467187 0.411111 0.015625 0.055556
0 0.329688 0.550000 0.028125 0.070370
0 0.437500 0.535185 0.016667 0.062963
2 0.354687 0.476852 0.017708 0.057407
0 0.338542 0.438889 0.018750 0.051852
0 0.334896 0.361111 0.015625 0.048148
0 0.417187 0.398148 0.015625 0.048148
0 0.217708 0.525926 0.016667 0.062963
0 0.203646 0.411111 0.019792 0.044444
0 0.202604 0.395370 0.011458 0.046296
0 0.243750 0.387037 0.016667 0.044444
0 0.142708 0.470370 0.016667 0.070370
0 0.121354 0.467593 0.013542 0.050000
1 0.110937 0.474074 0.017708 0.055556
2 0.420154 0.262921 0.009057 0.031398
2 0.887839 0.962324 0.019427 0.074648
