1 0.524508 0.688319 0.017766 0.062750
0 0.466238 0.437139 0.018414 0.054833
0 0.444367 0.422118 0.018422 0.052569
0 0.373875 0.439611 0.014938 0.051444
0 0.387750 0.266000 0.011437 0.051444
0 0.414352 0.323771 0.016203 0.050319
0 0.460238 0.346764 0.011102 0.043528
0 0.501535 0.369292 0.017133 0.046917
0 0.508898 0.300083 0.019359 0.041833
3 0.530344 0.286750 0.006000 0.009611
0 0.530238 0.209292 0.012039 0.046361
0 0.556520 0.261708 0.016164 0.037306
2 0.557160 0.399896 0.015883 0.052569
0 0.618594 0.467979 0.020000 0.055403
0 0.625094 0.452986 0.012687 0.055972
0 0.663242 0.326264 0.013984 0.049750
0 0.778070 0.475771 0.013953 0.057097
0 0.773703 0.272660 0.014594 0.050875
0 0.931215 0.429653 0.015555 0.056528
1 0.521645 0.042854 0.012039 0.041264
0 0.132301 0.306583 0.014602 0.054833
0 0.266191 0.314049 0.013633 0.050319
0 0.186539 0.448792 0.018391 0.053139
0 0.138137 0.447965 0.021586 0.054264
2 0.992238 0.215542 0.009477 0.050528
2 0.021773 0.266813 0.015422 0.047514
