0 0.271354 0.627315 0.011458 0.058333
0 0.364844 0.568981 0.015104 0.054630
0 0.419271 0.619444 0.022917 0.059259
0 0.473698 0.622222 0.015104 0.053704
0 0.442188 0.498148 0.014583 0.051852
0 0.381510 0.435185 0.014063 0.053704
0 0.350260 0.386574 0.011979 0.047222
0 0.546354 0.534722 0.012500 0.052778
0 0.577344 0.523611 0.011979 0.050926
0 0.481250 0.755093 0.012500 0.065741
0 0.471354 0.920370 0.023958 0.081481
0 0.542188 0.390741 0.011458 0.050000
0 0.597917 0.253241 0.010417 0.043519
0 0.718229 0.468519 0.010417 0.055556
0 0.784635 0.470833 0.014063 0.052778
0 0.789844 0.399074 0.011979 0.048148
0 0.779427 0.389352 0.011979 0.045370
0 0.832812 0.624074 0.013542 0.061111
0 0.835938 0.754630 0.013542 0.066667
0 0.864062 0.743519 0.011458 0.068519
3 0.383594 0.640741 0.006771 0.012963
1 0.094010 0.449537 0.017188 0.050926
2 0.413542 0.217130 0.012500 0.039815
2 0.642969 0.530556 0.014063 0.050000
2 0.898089 0.990523 0.014927 0.018083
