0 0.121958 0.486116 0.021000 0.062972
0 0.280328 0.411917 0.013781 0.053463
0 0.249513 0.396407 0.014651 0.046519
0 0.235318 0.388977 0.013344 0.048324
0 0.266701 0.355667 0.009443 0.046519
0 0.292641 0.339519 0.011323 0.047556
0 0.319958 0.366264 0.015958 0.045491
0 0.326094 0.325370 0.008437 0.028519
0 0.333443 0.341394 0.004385 0.045750
0 0.405307 0.346125 0.010615 0.047806
0 0.436589 0.354153 0.013802 0.041639
0 0.392271 0.281699 0.011625 0.039324
0 0.420586 0.270176 0.008880 0.031093
0 0.353914 0.287435 0.014078 0.035981
0 0.514484 0.250681 0.009177 0.034694
0 0.582081 0.317630 0.012078 0.042667
0 0.659458 0.343556 0.017875 0.051926
0 0.798078 0.348468 0.012823 0.050639
0 0.821141 0.446380 0.013115 0.066833
0 0.880201 0.498644 0.019776 0.065806
2 0.458839 0.396458 0.013510 0.052176
1 0.227549 0.296745 0.015516 0.032380
2 0.488945 0.202958 0.004974 0.026287
3 0.444255 0.365981 0.004135 0.007889
