0 0.759896 0.792231 0.023958 0.125204
0 0.827464 0.540181 0.013260 0.084065
0 0.903018 0.409912 0.016453 0.073528
0 0.790742 0.301685 0.010651 0.057074
0 0.463383 0.644241 0.018432 0.095889
0 0.481656 0.504843 0.015396 0.076352
0 0.359385 0.528245 0.021896 0.058343
0 0.369643 0.517597 0.022620 0.072231
0 0.285857 0.600236 0.017547 0.083806
0 0.279143 0.586245 0.013495 0.081750
0 0.280128 0.485472 0.017547 0.070944
0 0.115737 0.628139 0.018974 0.093315
0 0.139799 0.569449 0.017099 0.081491
0 0.325992 0.402194 0.020734 0.058093
0 0.367414 0.390954 0.011911 0.067093
0 0.400531 0.404356 0.016688 0.064269
0 0.412294 0.313231 0.011047 0.054241
0 0.477083 0.287718 0.012500 0.053213
0 0.517943 0.294509 0.011927 0.059389
0 0.557383 0.345481 0.016849 0.055778
2 0.550799 0.463921 0.014099 0.079694
1 0.277956 0.272620 0.013203 0.054500
3 0.385557 0.540231 0.007573 0.015648
2 0.662747 0.157264 0.010911 0.038602
