0 0.518154 0.605722 0.016516 0.063296
0 0.564979 0.496995 0.014333 0.053250
0 0.327023 0.478736 0.012380 0.048213
0 0.358604 0.458505 0.012000 0.044787
0 0.066060 0.507144 0.014411 0.058731
0 0.394156 0.396699 0.011229 0.045250
0 0.403031 0.399042 0.008146 0.040676
0 0.429070 0.410977 0.007099 0.042324
0 0.435638 0.406963 0.005651 0.045407
0 0.441232 0.405014 0.006422 0.043361
0 0.450154 0.415315 0.006557 0.043593
0 0.459372 0.424245 0.011453 0.052194
0 0.462508 0.413653 0.005224 0.047676
0 0.471766 0.417718 0.009156 0.055806
0 0.482299 0.409310 0.008349 0.042694
0 0.524813 0.423880 0.011083 0.045907
0 0.959385 0.615921 0.013562 0.063324
2 0.320643 0.415713 0.010036 0.046241
1 0.524984 0.407144 0.011427 0.045769
