0 0.376062 0.443329 0.010458 0.060731
0 0.243281 0.408759 0.012604 0.052704
0 0.276310 0.363940 0.010953 0.048250
0 0.360958 0.421769 0.014625 0.052796
0 0.346620 0.381755 0.009906 0.048694
0 0.336716 0.359944 0.008849 0.051370
0 0.353323 0.368199 0.006646 0.045657
0 0.362516 0.375292 0.009406 0.052435
0 0.372109 0.363861 0.008802 0.049944
0 0.375799 0.371491 0.007849 0.050389
0 0.394771 0.371935 0.011417 0.051278
0 0.387831 0.368421 0.007953 0.046102
0 0.417156 0.377403 0.009312 0.043694
0 0.419388 0.364384 0.009609 0.041731
0 0.444328 0.401852 0.011573 0.055556
0 0.443544 0.376875 0.008964 0.051898
1 0.439169 0.361394 0.011672 0.050565
2 0.237997 0.350708 0.008286 0.047713
0 0.120974 0.451625 0.016948 0.060657
0 0.079557 0.467648 0.020573 0.063074
0 0.929794 0.552727 0.016880 0.066565
3 0.921966 0.575241 0.005391 0.013444
2 0.968227 0.554606 0.022911 0.081435
0 0.274289 0.441519 0.013161 0.060815
