0 0.459872 0.403917 0.024953 0.087463
0 0.575016 0.281380 0.020865 0.070167
0 0.521435 0.261282 0.015786 0.065157
0 0.527857 0.199787 0.020297 0.055130
0 0.518875 0.198593 0.016917 0.060148
0 0.701927 0.262208 0.016354 0.065157
0 0.364880 0.258431 0.021427 0.063157
0 0.294008 0.297685 0.025516 0.071296
0 0.185302 0.311935 0.017479 0.070167
0 0.202661 0.293343 0.021990 0.068167
0 0.136018 0.320968 0.015786 0.064157
0 0.154224 0.283736 0.021990 0.071176
0 0.202661 0.243037 0.021990 0.060148
0 0.304456 0.237185 0.020370 0.061407
0 0.368482 0.149745 0.010922 0.049491
3 0.391380 0.157454 0.004635 0.007500
0 0.398727 0.140718 0.009953 0.046250
0 0.934362 0.349028 0.019766 0.083241
0 0.912469 0.319162 0.017646 0.079065
0 0.880029 0.268889 0.027766 0.071111
2 0.487760 0.285407 0.016146 0.068963
0 0.485482 0.273917 0.019922 0.066352
1 0.002495 0.281713 0.004990 0.065278
2 0.382781 0.131875 0.007229 0.041528
