0 0.423177 0.604630 0.047396 0.120370
0 0.694531 0.575463 0.029687 0.113889
0 0.150781 0.592130 0.034896 0.102778
0 0.549219 0.485185 0.040104 0.081481
0 0.005990 0.544907 0.011979 0.108333
0 0.227344 0.816667 0.048438 0.161111
3 0.409375 0.346296 0.005208 0.007407
0 0.661979 0.488889 0.027083 0.083333
0 0.495312 0.509722 0.025000 0.082407
0 0.132552 0.488426 0.032813 0.089815
0 0.792969 0.590741 0.028646 0.105556
2 0.058854 0.579630 0.057292 0.109259
0 0.029427 0.537500 0.035937 0.115741
0 0.463281 0.499537 0.024479 0.073148
