0 0.479427 0.565278 0.022396 0.091667
0 0.711198 0.531481 0.017188 0.085185
0 0.398698 0.513889 0.016146 0.079630
0 0.698438 0.525000 0.011458 0.085185
0 0.765365 0.535185 0.019271 0.085185
0 0.806250 0.555093 0.013542 0.095370
0 0.742969 0.537500 0.021354 0.086111
0 0.895312 0.579630 0.013542 0.100000
0 0.789583 0.545370 0.015625 0.092593
0 0.833854 0.568056 0.014583 0.091667
0 0.082292 0.610185 0.033333 0.103704
0 0.622917 0.582870 0.017708 0.100926
0 0.906250 0.594907 0.028125 0.097222
0 0.103385 0.517130 0.018229 0.089815
0 0.508854 0.548148 0.015625 0.085185
0 0.369792 0.728241 0.033333 0.123148
0 0.840625 0.555093 0.014583 0.097222
0 0.687240 0.528241 0.015104 0.084259
0 0.795052 0.546296 0.013021 0.100000
2 0.578646 0.493056 0.014583 0.080556
3 0.141406 0.572685 0.006771 0.012037
