0 0.563802 0.499537 0.020313 0.065741
0 0.886979 0.475926 0.019792 0.070370
0 0.839583 0.474537 0.017708 0.056481
0 0.759896 0.507870 0.025000 0.078704
0 0.864844 0.485185 0.016146 0.075926
0 0.763021 0.458333 0.020833 0.064815
1 0.714063 0.466667 0.019792 0.064815
2 0.720573 0.545833 0.019271 0.084259
0 0.955469 0.506481 0.017188 0.074074
0 0.244010 0.529167 0.025521 0.075000
0 0.908073 0.477778 0.016146 0.068519
0 0.714323 0.503241 0.016146 0.069444
0 0.859635 0.495370 0.014063 0.070370
0 0.834375 0.525000 0.019792 0.077778
3 0.231250 0.561111 0.007292 0.011111
0 0.957292 0.489352 0.019792 0.075000
