2 0.785937 0.509259 0.017708 0.077778
0 0.697396 0.468519 0.013542 0.064815
0 0.720052 0.441667 0.010937 0.062963
0 0.709635 0.447222 0.008854 0.062963
0 0.859635 0.449537 0.011979 0.069444
0 0.859375 0.457407 0.017708 0.066667
0 0.703646 0.466667 0.015625 0.066667
0 0.691667 0.450463 0.015625 0.062037
0 0.715885 0.451852 0.014063 0.061111
0 0.734375 0.443981 0.012500 0.060185
0 0.705729 0.455556 0.012500 0.051852
0 0.846875 0.449074 0.018750 0.066667
0 0.859375 0.457407 0.020833 0.068519
1 0.747917 0.442593 0.019792 0.062963
0 0.098437 0.514815 0.018750 0.100000
3 0.149479 0.569444 0.007292 0.011111
0 0.984375 0.450000 0.029167 0.064815
0 0.995573 0.439352 0.007812 0.017593
