0 0.771094 0.579630 0.031771 0.094444
3 0.620833 0.497685 0.004167 0.008333
0 0.303125 0.489352 0.039583 0.095370
0 0.177344 0.957870 0.069271 0.082407
2 0.263281 0.544907 0.025521 0.106481
0 0.249740 0.484722 0.017188 0.091667
0 0.680729 0.583333 0.039583 0.066667
0 0.552604 0.447685 0.023958 0.076852
0 0.504948 0.475463 0.021354 0.087963
0 0.490625 0.500926 0.017708 0.090741
0 0.388021 0.538889 0.026042 0.101852
0 0.568490 0.569907 0.028646 0.106481
0 0.800000 0.628704 0.042708 0.112963
0 0.383333 0.587037 0.030208 0.103704
1 0.603385 0.492130 0.046354 0.026852
0 0.451302 0.837037 0.046354 0.144444
0 0.056510 0.429630 0.016146 0.081481
