0 0.195052 0.744444 0.029687 0.151852
0 0.385677 0.594907 0.027604 0.123148
0 0.485677 0.498148 0.025521 0.107407
0 0.016146 0.376389 0.030208 0.086111
0 0.202344 0.462963 0.026562 0.094444
0 0.453125 0.523148 0.031250 0.118519
2 0.023438 0.497222 0.037500 0.111111
3 0.707812 0.475463 0.008333 0.012037
0 0.083073 0.425000 0.021354 0.096296
0 0.576823 0.540278 0.025521 0.119444
0 0.631250 0.512963 0.018750 0.101852
0 0.416927 0.681481 0.039062 0.146296
0 0.520312 0.492130 0.021875 0.108333
0 0.774219 0.530556 0.029687 0.101852
0 0.658073 0.548148 0.028646 0.109259
1 0.635938 0.531481 0.034375 0.051852
0 0.770052 0.582870 0.026562 0.115741
0 0.883073 0.866667 0.036979 0.187037
