0 0.028385 0.489352 0.029687 0.121296
2 0.080729 0.632407 0.044792 0.157407
0 0.058333 0.510185 0.027083 0.114815
0 0.193750 0.440741 0.031250 0.103704
0 0.161719 0.470370 0.030729 0.127778
0 0.134375 0.449074 0.028125 0.122222
0 0.567708 0.564815 0.047917 0.124074
0 0.003906 0.476852 0.007812 0.112963
0 0.226042 0.418056 0.026042 0.100926
0 0.261198 0.612500 0.045312 0.152778
0 0.226562 0.599537 0.034375 0.130556
0 0.349219 0.431944 0.025521 0.093519
0 0.431771 0.333796 0.019792 0.073148
2 0.512500 0.334722 0.027083 0.071296
0 0.107813 0.475000 0.025000 0.122222
3 0.939583 0.618056 0.011458 0.013889
0 0.495052 0.481944 0.023438 0.110185
0 0.759375 0.590278 0.036458 0.130556
