0 0.005208 0.470370 0.010417 0.087037
2 0.209635 0.624074 0.042188 0.135185
0 0.304167 0.777315 0.050000 0.165741
0 0.766146 0.471759 0.026042 0.086111
0 0.654948 0.556944 0.026562 0.112037
0 0.233854 0.675000 0.044792 0.146296
0 0.242969 0.448611 0.025521 0.095370
0 0.666927 0.547222 0.063021 0.072222
0 0.320312 0.580093 0.036458 0.115741
0 0.064323 0.450926 0.033854 0.088889
0 0.413802 0.405556 0.024479 0.079630
2 0.274740 0.346296 0.021354 0.070370
3 0.798958 0.511111 0.009375 0.012963
0 0.562760 0.512963 0.034896 0.101852
0 0.756250 0.584259 0.037500 0.101852
