1 0.527062 0.806889 0.016625 0.063778
1 0.563578 0.163097 0.008406 0.040083
0 0.538574 0.295014 0.011523 0.045583
0 0.570809 0.281875 0.013492 0.047083
0 0.605551 0.326347 0.009539 0.041583
0 0.686438 0.206264 0.010375 0.043083
2 0.613996 0.406243 0.012367 0.048597
0 0.689207 0.394014 0.011227 0.043583
0 0.694664 0.409271 0.014328 0.049097
0 0.871531 0.229764 0.008687 0.040083
3 0.866293 0.248951 0.004461 0.009014
0 0.915813 0.371132 0.016000 0.050597
0 0.896234 0.402965 0.011219 0.047597
0 0.829898 0.319882 0.012922 0.048097
0 0.734746 0.471632 0.010117 0.051597
0 0.724934 0.472750 0.012367 0.056611
0 0.512777 0.483611 0.011492 0.056111
0 0.446598 0.378715 0.010383 0.049097
0 0.395668 0.488688 0.013211 0.049597
0 0.381672 0.479715 0.014906 0.051097
0 0.374574 0.343014 0.013211 0.041583
0 0.297312 0.250819 0.008687 0.046083
0 0.250852 0.378347 0.012641 0.045583
0 0.082742 0.420882 0.012359 0.050097
2 0.924516 0.190111 0.011531 0.035778
