0 0.378535 0.448931 0.018008 0.056194
0 0.487426 0.457618 0.012352 0.059681
0 0.595746 0.452625 0.016492 0.063583
2 0.616492 0.374090 0.011109 0.056514
0 0.630758 0.296069 0.014641 0.053250
0 0.193863 0.438264 0.017414 0.059861
0 0.544000 0.437472 0.016125 0.055500
0 0.857648 0.437201 0.013734 0.063292
0 0.052211 0.417833 0.020047 0.060667
0 0.222254 0.196611 0.011695 0.054333
0 0.827441 0.336361 0.018945 0.053278
0 0.610391 0.164861 0.011406 0.051944
0 0.710684 0.365965 0.019805 0.051375
0 0.688270 0.259167 0.020289 0.048889
1 0.435621 0.742701 0.018117 0.063181
0 0.921016 0.420035 0.018594 0.053958
0 0.454914 0.394847 0.012953 0.056361
0 0.466238 0.256250 0.012164 0.054167
0 0.355379 0.314056 0.013883 0.053111
0 0.492613 0.276222 0.019602 0.052444
0 0.476977 0.167271 0.011766 0.051208
0 0.477297 0.361431 0.015531 0.058972
1 0.470043 0.017083 0.011961 0.034167
3 0.682219 0.276688 0.008188 0.011708
2 0.859570 0.119458 0.009766 0.036139
