0 0.480582 0.796035 0.015852 0.075403
0 0.513613 0.668354 0.014727 0.064486
2 0.439434 0.610764 0.011680 0.060417
0 0.442754 0.566493 0.012070 0.052431
0 0.492258 0.570660 0.007953 0.055208
0 0.505641 0.517708 0.009719 0.046528
0 0.513742 0.470139 0.008734 0.040278
0 0.550457 0.523438 0.008727 0.044097
0 0.627711 0.519444 0.010109 0.044444
0 0.614918 0.460764 0.006398 0.035417
0 0.700566 0.494792 0.008945 0.047917
0 0.764422 0.536979 0.010094 0.048958
0 0.752414 0.618056 0.012641 0.052778
0 0.372055 0.523264 0.008172 0.043750
0 0.370199 0.451910 0.006023 0.031597
0 0.352430 0.500174 0.006422 0.042014
0 0.348512 0.542361 0.007961 0.048611
0 0.284750 0.477951 0.008563 0.039236
0 0.241398 0.513542 0.007797 0.046528
0 0.163852 0.578472 0.008953 0.054167
0 0.086504 0.740451 0.018320 0.061458
3 0.502891 0.536347 0.002656 0.006028
