0 0.094191 0.301535 0.018070 0.080847
0 0.110902 0.364236 0.038992 0.100694
0 0.163461 0.346625 0.030047 0.093250
2 0.211578 0.436160 0.035656 0.105653
0 0.223715 0.317507 0.028680 0.087792
0 0.352957 0.461160 0.030914 0.105653
0 0.406777 0.344299 0.024492 0.099708
0 0.358707 0.252826 0.023664 0.077875
0 0.456547 0.382590 0.025594 0.095736
0 0.400984 0.722965 0.053531 0.140375
0 0.584066 0.476292 0.038445 0.094250
0 0.611297 0.506451 0.027281 0.110125
3 0.592773 0.550097 0.010547 0.016861
0 0.655113 0.204514 0.013352 0.072917
0 0.736016 0.388542 0.026719 0.107639
0 0.950051 0.417410 0.029789 0.112597
2 0.402645 0.163597 0.024039 0.068861
0 0.993543 0.498736 0.013648 0.125250
