3 0.270871 0.655208 0.008930 0.015972
0 0.136301 0.685646 0.025727 0.126847
0 0.085523 0.523382 0.028859 0.093986
0 0.128879 0.382410 0.017133 0.078708
0 0.202309 0.428937 0.018680 0.071764
0 0.311957 0.580326 0.017664 0.102319
0 0.400746 0.570368 0.023367 0.082403
0 0.411555 0.404167 0.024672 0.077778
2 0.358309 0.365743 0.016617 0.073153
0 0.367160 0.283333 0.015570 0.055556
0 0.381875 0.281021 0.012188 0.059264
0 0.456473 0.319444 0.017633 0.063889
0 0.475348 0.402083 0.019445 0.081944
0 0.518070 0.468979 0.025203 0.074069
0 0.557000 0.364583 0.012438 0.070833
0 0.675367 0.462271 0.019484 0.088431
0 0.684742 0.447222 0.016359 0.080556
1 0.726012 0.285188 0.012961 0.070375
0 0.913512 0.688660 0.031711 0.116208
0 0.903488 0.595139 0.016352 0.101389
