2 0.539656 0.528245 0.012646 0.049083
0 0.588357 0.472699 0.012130 0.047250
0 0.500857 0.443097 0.012130 0.041750
0 0.390578 0.488218 0.010323 0.044954
0 0.392531 0.468343 0.010063 0.038537
0 0.471560 0.598593 0.011870 0.054593
0 0.521393 0.670542 0.019870 0.063306
0 0.383138 0.580523 0.014193 0.057343
0 0.308927 0.550921 0.012646 0.051843
0 0.246685 0.608759 0.013161 0.058259
0 0.235227 0.615005 0.013161 0.059639
0 0.225607 0.497472 0.009547 0.046796
0 0.270008 0.431986 0.009807 0.041750
0 0.111102 0.571495 0.021161 0.057806
0 0.618154 0.675171 0.016516 0.063306
0 0.668154 0.666625 0.016516 0.059176
0 0.675331 0.588185 0.013161 0.052296
0 0.670250 0.566431 0.013417 0.051380
0 0.680539 0.518495 0.013161 0.055509
0 0.704503 0.517134 0.012130 0.049083
0 0.941974 0.634917 0.018323 0.058722
1 0.677026 0.468310 0.012385 0.045880
2 0.916487 0.643185 0.009016 0.060444
3 0.938794 0.627579 0.004672 0.008861
