2 0.514844 0.519907 0.022396 0.063889
0 0.906771 0.604630 0.017708 0.062963
0 0.881250 0.593519 0.015625 0.064815
0 0.777344 0.525463 0.021354 0.071296
0 0.751302 0.494907 0.017188 0.065741
0 0.678125 0.435648 0.017708 0.056481
0 0.613542 0.383333 0.018750 0.050000
0 0.457552 0.406019 0.014063 0.047222
0 0.398958 0.456019 0.018750 0.060185
0 0.244792 0.480556 0.019792 0.057407
0 0.194010 0.666204 0.020313 0.089815
0 0.361979 0.717593 0.028125 0.037037
0 0.392448 0.705556 0.026562 0.057407
0 0.497656 0.686111 0.027604 0.079630
0 0.579688 0.618519 0.015625 0.081481
0 0.613281 0.609722 0.018229 0.063889
0 0.626042 0.510185 0.013542 0.062963
0 0.608594 0.492593 0.018229 0.053704
0 0.490365 0.565741 0.023438 0.070370
0 0.407292 0.585648 0.028125 0.065741
0 0.821875 0.665278 0.027083 0.075000
1 0.970833 0.402778 0.016667 0.050000
3 0.457552 0.767130 0.006771 0.015741
3 0.311344 0.766463 0.008104 0.014407
2 0.239792 0.298245 0.009792 0.040935
2 0.967302 0.670593 0.023146 0.070815
