0 0.236458 0.515741 0.019792 0.074074
0 0.350521 0.643981 0.023958 0.080556
0 0.408594 0.586574 0.018229 0.075000
0 0.407031 0.544907 0.015104 0.067593
0 0.428906 0.540278 0.019271 0.065741
0 0.433333 0.585648 0.018750 0.075000
0 0.554427 0.581019 0.013021 0.063889
0 0.565885 0.586111 0.017188 0.074074
0 0.590625 0.575000 0.015625 0.064815
0 0.689583 0.592593 0.015625 0.074074
0 0.749740 0.625926 0.018229 0.074074
0 0.631250 0.480093 0.012500 0.060185
0 0.726302 0.481481 0.015104 0.062963
0 0.730208 0.447222 0.009375 0.057407
0 0.772135 0.509259 0.019271 0.066667
0 0.642708 0.379630 0.013542 0.051852
0 0.494010 0.437963 0.010937 0.057407
0 0.330469 0.395833 0.016146 0.056481
0 0.284375 0.401852 0.009375 0.051852
2 0.529687 0.562500 0.025000 0.069444
2 0.939966 0.718560 0.020557 0.083417
2 0.244294 0.293329 0.013589 0.049620
