3 0.063562 0.678870 0.008375 0.015148
0 0.249555 0.578116 0.022026 0.078454
0 0.378505 0.373199 0.016385 0.050102
0 0.483797 0.500977 0.015510 0.057509
0 0.591516 0.361620 0.012198 0.045463
0 0.602779 0.393116 0.015974 0.045491
0 0.843263 0.644912 0.014651 0.071306
0 0.760490 0.564676 0.009521 0.058981
0 0.879237 0.487199 0.011599 0.050324
0 0.923112 0.453125 0.011849 0.050694
0 0.823904 0.448273 0.020724 0.052102
0 0.868792 0.414884 0.010500 0.050139
0 0.910695 0.379454 0.008891 0.044093
2 0.680737 0.395718 0.010432 0.048843
0 0.672258 0.465208 0.014307 0.052639
0 0.695430 0.483796 0.012734 0.058333
0 0.719365 0.409736 0.010604 0.045398
0 0.747310 0.403856 0.015453 0.050306
0 0.715708 0.338907 0.010583 0.038926
0 0.708120 0.284861 0.009990 0.036389
0 0.747042 0.345264 0.011792 0.044231
0 0.726573 0.317620 0.016688 0.038944
2 0.325484 0.263644 0.011385 0.042102
