0 0.619443 0.560741 0.021177 0.073333
0 0.714393 0.629792 0.019411 0.072546
0 0.666513 0.459259 0.013234 0.066667
0 0.683573 0.459060 0.016104 0.066269
0 0.690852 0.462264 0.011911 0.061565
0 0.728633 0.433167 0.014557 0.060778
0 0.740042 0.448931 0.016542 0.068231
0 0.615250 0.456514 0.012792 0.061176
0 0.607518 0.428593 0.011911 0.062741
0 0.500857 0.391338 0.012130 0.054898
0 0.591622 0.356741 0.013453 0.056074
0 0.414443 0.350968 0.017427 0.048231
0 0.360875 0.427505 0.016542 0.056861
0 0.349909 0.393389 0.015443 0.055296
0 0.323755 0.378963 0.015219 0.056074
0 0.236414 0.405588 0.013453 0.061176
0 0.219760 0.454236 0.017646 0.065880
0 0.212862 0.473343 0.020516 0.067056
0 0.213161 0.569606 0.020073 0.072546
2 0.710698 0.440894 0.015146 0.063269
0 0.885760 0.416338 0.016313 0.062306
2 0.260292 0.291551 0.013292 0.053472
