2 0.430682 0.356130 0.016573 0.054852
0 0.728935 0.506787 0.018286 0.048759
0 0.704302 0.434028 0.014854 0.068056
0 0.690711 0.392185 0.013714 0.064000
0 0.637250 0.361778 0.012000 0.056889
0 0.621154 0.402699 0.013141 0.060954
0 0.577169 0.429310 0.013714 0.066028
0 0.533083 0.408491 0.012000 0.055870
0 0.579068 0.502727 0.015427 0.072120
0 0.535940 0.535134 0.017714 0.072120
0 0.517609 0.415838 0.015427 0.065009
0 0.473052 0.420292 0.014854 0.060954
0 0.448523 0.424500 0.013714 0.061963
0 0.468969 0.370944 0.010854 0.054852
0 0.504857 0.373218 0.009714 0.053843
0 0.486898 0.371630 0.021714 0.028444
0 0.431755 0.362940 0.011427 0.051806
0 0.539987 0.384926 0.009141 0.056889
0 0.291352 0.566019 0.022286 0.069074
0 0.242844 0.453056 0.014854 0.069074
0 0.256437 0.421486 0.016000 0.067046
2 0.925630 0.815042 0.028344 0.100454
2 0.238021 0.298157 0.011458 0.048167
