0 0.204427 0.536574 0.021354 0.071296
0 0.146615 0.457407 0.016146 0.062963
0 0.143490 0.405093 0.013021 0.058333
0 0.204167 0.417130 0.009375 0.060185
0 0.424219 0.352778 0.010937 0.046296
0 0.470052 0.350926 0.010937 0.050000
0 0.526042 0.406481 0.013542 0.057407
0 0.554688 0.406944 0.014583 0.054630
0 0.653125 0.331944 0.009375 0.045370
0 0.708594 0.364815 0.008854 0.050000
0 0.716406 0.367593 0.008854 0.050000
0 0.734635 0.395370 0.010937 0.053704
0 0.763281 0.369907 0.010937 0.050926
0 0.770573 0.368519 0.009896 0.053704
0 0.813021 0.392130 0.016667 0.054630
0 0.811719 0.444907 0.015104 0.056481
0 0.755990 0.538889 0.016146 0.066667
0 0.753385 0.344444 0.008854 0.051852
0 0.766667 0.327315 0.009375 0.043519
2 0.616927 0.374074 0.014063 0.053704
0 0.474740 0.306019 0.010937 0.043519
1 0.954688 0.418519 0.016667 0.062963
2 0.085216 0.331065 0.011057 0.047315
