3 0.131029 0.386644 0.005807 0.010324
0 0.154919 0.364440 0.019214 0.049250
0 0.204326 0.488394 0.020109 0.067528
0 0.369427 0.635620 0.016979 0.078648
0 0.453505 0.501486 0.017427 0.060380
0 0.309008 0.383625 0.010724 0.052435
0 0.368159 0.348037 0.010276 0.046074
0 0.394128 0.344861 0.011172 0.045278
0 0.366451 0.291421 0.012068 0.042102
0 0.435646 0.305444 0.009833 0.046074
0 0.519276 0.286394 0.009385 0.041306
0 0.592193 0.347245 0.012510 0.050046
0 0.641523 0.424764 0.014297 0.058787
0 0.687953 0.452278 0.013406 0.061963
0 0.737878 0.402935 0.011172 0.054019
0 0.744872 0.377806 0.014745 0.055611
0 0.784456 0.431773 0.011620 0.057991
0 0.797849 0.384153 0.013406 0.057194
0 0.838549 0.523310 0.015641 0.065139
0 0.859013 0.612861 0.020109 0.068315
0 0.652833 0.308222 0.009833 0.046074
2 0.549857 0.370662 0.014297 0.052435
2 0.196094 0.284259 0.014063 0.042593
