0 0.044792 0.442130 0.011458 0.052778
0 0.511458 0.514815 0.015625 0.077778
0 0.353125 0.445833 0.017708 0.063889
0 0.276823 0.374537 0.014063 0.067593
0 0.252865 0.383333 0.010937 0.064815
0 0.224219 0.380093 0.014063 0.067593
0 0.052083 0.446296 0.018750 0.066667
0 0.406250 0.402778 0.014583 0.064815
0 0.422396 0.362500 0.013542 0.067593
0 0.460677 0.304630 0.013021 0.059259
0 0.479427 0.292593 0.010937 0.051852
0 0.546354 0.317130 0.009375 0.045370
0 0.578646 0.311574 0.013542 0.050926
0 0.615104 0.358333 0.015625 0.057407
0 0.624740 0.320370 0.014063 0.050000
0 0.646875 0.297685 0.015625 0.058333
0 0.624219 0.416667 0.016146 0.062963
0 0.840625 0.430093 0.022917 0.062037
0 0.880990 0.484259 0.017188 0.072222
0 0.936458 0.390278 0.020833 0.065741
2 0.461458 0.429630 0.015625 0.068519
1 0.168750 0.415278 0.022917 0.065741
2 0.449971 0.220986 0.009318 0.045676
