1 0.870313 0.518056 0.012500 0.050926
0 0.767448 0.670833 0.015104 0.060185
0 0.880208 0.753241 0.013542 0.062037
0 0.680990 0.534259 0.010937 0.048148
0 0.545052 0.608333 0.010937 0.051852
0 0.474740 0.468056 0.010937 0.045370
0 0.490625 0.409259 0.011458 0.042593
0 0.312500 0.475000 0.013542 0.044444
0 0.290104 0.544444 0.012500 0.048148
0 0.180990 0.605556 0.011979 0.051852
0 0.144271 0.756481 0.013542 0.061111
0 0.221615 0.857870 0.020313 0.060185
0 0.230990 0.743056 0.017188 0.054630
0 0.254427 0.721759 0.010937 0.056481
0 0.200260 0.656481 0.009896 0.051852
0 0.191927 0.443056 0.008854 0.045370
0 0.394531 0.785185 0.013021 0.061111
0 0.388021 0.750926 0.011458 0.051852
0 0.345052 0.873148 0.018229 0.061111
2 0.417187 0.683333 0.014583 0.055556
0 0.843490 0.818056 0.011979 0.047222
0 0.510156 0.659259 0.013021 0.053704
2 0.849688 0.790259 0.011875 0.060148
2 0.136742 0.293597 0.008901 0.035343
