0 0.378542 0.584778 0.030000 0.091778
0 0.214208 0.807866 0.022167 0.113880
0 0.218044 0.519523 0.024630 0.085343
0 0.275482 0.451343 0.019714 0.080463
0 0.226594 0.417704 0.019854 0.065037
0 0.328799 0.253356 0.016974 0.060417
0 0.390721 0.221514 0.010609 0.057843
0 0.419036 0.203153 0.013073 0.047046
0 0.485938 0.306903 0.012500 0.061954
0 0.503156 0.448875 0.026104 0.068120
0 0.537591 0.474106 0.022057 0.079694
0 0.674258 0.422023 0.023516 0.068120
0 0.683474 0.437481 0.029448 0.069407
0 0.823542 0.511269 0.016875 0.089204
0 0.861073 0.247569 0.014854 0.058102
0 0.995547 0.534444 0.008802 0.087407
0 0.628771 0.266065 0.014833 0.059907
0 0.556891 0.304565 0.014823 0.068389
0 0.519549 0.248444 0.019307 0.061704
0 0.608297 0.156213 0.010344 0.045759
3 0.674924 0.461037 0.008182 0.012815
2 0.502794 0.351060 0.014964 0.072491
1 0.004948 0.263426 0.009896 0.069444
2 0.447010 0.111444 0.012771 0.035852
