0 0.179443 0.564537 0.023469 0.082778
0 0.353120 0.749412 0.022906 0.095120
0 0.129831 0.433625 0.016953 0.061694
0 0.097523 0.434681 0.028380 0.061954
0 0.158404 0.376273 0.022016 0.048843
0 0.257180 0.363565 0.019568 0.058611
0 0.466146 0.502273 0.017708 0.071213
0 0.499568 0.425139 0.011635 0.053981
0 0.690521 0.595324 0.025833 0.075833
0 0.801479 0.602810 0.024833 0.079694
0 0.777938 0.410042 0.016292 0.055269
0 0.786404 0.364569 0.012391 0.043954
0 0.751737 0.335662 0.011807 0.039843
0 0.816729 0.365625 0.014708 0.044213
0 0.813401 0.346954 0.013260 0.045759
0 0.805862 0.310792 0.009641 0.040102
0 0.863086 0.360944 0.014714 0.047815
0 0.914969 0.443630 0.018479 0.065037
0 0.941807 0.383935 0.014865 0.049352
2 0.683909 0.387565 0.014693 0.054759
3 0.790237 0.320333 0.005474 0.009185
2 0.147622 0.275866 0.011911 0.040620
0 0.882701 0.337556 0.014359 0.049185
