0 0.204630 0.657361 0.020719 0.075833
0 0.276318 0.566407 0.016177 0.068000
0 0.291094 0.480333 0.015521 0.060667
0 0.254648 0.438486 0.014505 0.054750
0 0.087292 0.482435 0.015208 0.061167
0 0.306633 0.447389 0.016391 0.042926
0 0.356216 0.404537 0.014516 0.051667
0 0.401380 0.391264 0.012135 0.049194
0 0.304563 0.344704 0.010167 0.039407
0 0.222281 0.353102 0.009146 0.037685
0 0.499099 0.528611 0.015906 0.060926
0 0.519672 0.458306 0.014344 0.053648
0 0.505904 0.412755 0.012849 0.055139
0 0.476505 0.339727 0.011344 0.042417
0 0.677195 0.531130 0.010641 0.060407
0 0.725562 0.433856 0.010500 0.054750
0 0.681016 0.348037 0.014115 0.040519
0 0.789961 0.415778 0.013255 0.051926
0 0.902396 0.436792 0.013125 0.053213
0 0.809914 0.344972 0.007328 0.026981
3 0.742883 0.457111 0.005557 0.010519
1 0.865849 0.386870 0.013990 0.047815
2 0.497628 0.424958 0.014005 0.057324
2 0.235534 0.292593 0.009609 0.029630
