0 0.396221 0.324704 0.016401 0.066074
0 0.287924 0.721838 0.028974 0.117750
0 0.195674 0.606023 0.022599 0.095380
0 0.243159 0.289880 0.011318 0.059389
0 0.310091 0.207657 0.013932 0.046796
0 0.498120 0.284556 0.013948 0.061704
0 0.464339 0.375731 0.014094 0.068130
0 0.502563 0.499162 0.015542 0.076102
0 0.550208 0.389079 0.013958 0.068898
0 0.539805 0.233759 0.007734 0.052704
0 0.727734 0.348343 0.014844 0.068907
0 0.773961 0.352329 0.013547 0.067620
0 0.779747 0.393120 0.019911 0.073278
0 0.849456 0.481079 0.015578 0.082528
0 0.827753 0.350579 0.019047 0.060417
0 0.815310 0.281162 0.014995 0.058620
0 0.802766 0.262028 0.012823 0.046278
0 0.756177 0.258042 0.013396 0.056824
0 0.750448 0.296440 0.013396 0.063250
0 0.875859 0.364028 0.016302 0.072500
2 0.217594 0.669579 0.029979 0.100269
3 0.297396 0.748148 0.008333 0.022222
2 0.256326 0.133690 0.009526 0.037750
