2 0.290104 0.282870 0.006250 0.036111
0 0.583333 0.287963 0.008333 0.033333
0 0.542708 0.325926 0.009375 0.044444
0 0.402083 0.344444 0.007292 0.037037
0 0.358854 0.306481 0.008333 0.035185
0 0.406250 0.384259 0.009375 0.050000
0 0.495052 0.312037 0.009896 0.035185
0 0.639062 0.315278 0.010417 0.037963
0 0.547396 0.345370 0.012500 0.042593
0 0.275781 0.356481 0.009896 0.046296
2 0.516146 0.362037 0.009375 0.042593
0 0.645573 0.382407 0.009896 0.048148
0 0.545833 0.430093 0.010417 0.052778
0 0.676562 0.375000 0.011458 0.050000
0 0.706771 0.497222 0.010417 0.068519
0 0.389323 0.458333 0.011979 0.061111
0 0.358854 0.418056 0.015625 0.054630
2 0.930203 0.759648 0.038531 0.110037
0 0.833854 0.712963 0.019792 0.098148
0 0.753906 0.555093 0.013021 0.071296
0 0.728906 0.437500 0.015104 0.063889
0 0.189844 0.415741 0.010937 0.055556
0 0.227083 0.593981 0.019792 0.082407
3 0.284609 0.377532 0.004635 0.010620
