0 0.634896 0.558333 0.048958 0.120370
0 0.504427 0.488426 0.030729 0.089815
0 0.087500 0.650926 0.035417 0.142593
0 0.529427 0.477315 0.038021 0.097222
0 0.584115 0.433333 0.027604 0.092593
0 0.696094 0.526389 0.035937 0.115741
0 0.307812 0.555093 0.028125 0.123148
0 0.214844 0.306481 0.022396 0.079630
2 0.073698 0.451389 0.022396 0.112037
1 0.768229 0.476389 0.022917 0.106481
0 0.753125 0.514815 0.048958 0.120370
0 0.566406 0.467130 0.035937 0.102778
0 0.557813 0.487037 0.023958 0.101852
0 0.825000 0.516667 0.026042 0.112963
0 0.665365 0.498148 0.034896 0.111111
0 0.548698 0.436111 0.024479 0.092593
0 0.621094 0.483333 0.027604 0.096296
0 0.615104 0.459259 0.032292 0.100000
0 0.303125 0.488889 0.022917 0.100000
0 0.655990 0.524537 0.029687 0.112037
3 0.369010 0.283333 0.008854 0.011111
