0 0.388021 0.751389 0.034375 0.145370
0 0.541667 0.605556 0.026042 0.124074
0 0.585938 0.497222 0.036458 0.100000
0 0.223177 0.390741 0.016146 0.083333
0 0.392969 0.454630 0.020313 0.094444
0 0.597135 0.532870 0.029687 0.117593
2 0.155208 0.507407 0.027083 0.105556
3 0.679948 0.464352 0.010937 0.013889
0 0.299219 0.420370 0.024479 0.085185
0 0.153646 0.580556 0.019792 0.120370
0 0.706510 0.573611 0.058854 0.112037
0 0.716146 0.528704 0.029167 0.074074
0 0.561198 0.696759 0.031771 0.150926
0 0.710677 0.504630 0.025521 0.088889
0 0.872656 0.587963 0.035937 0.125926
0 0.804688 0.571759 0.050000 0.100926
1 0.871354 0.521296 0.027083 0.072222
0 0.943229 0.611111 0.023958 0.129630
