0 0.433594 0.906944 0.035937 0.182407
0 0.490625 0.564352 0.029167 0.143519
0 0.529167 0.440278 0.027083 0.110185
0 0.478125 0.353241 0.018750 0.093519
0 0.152083 0.421759 0.023958 0.126852
0 0.255729 0.274537 0.016667 0.075000
0 0.509375 0.247222 0.013542 0.077778
2 0.659896 0.334259 0.022917 0.094444
2 0.129688 0.219444 0.014583 0.068519
0 0.556250 0.569907 0.029167 0.143519
0 0.513542 0.358333 0.019792 0.096296
0 0.878125 0.507407 0.031250 0.137037
0 0.941667 0.429167 0.026042 0.115741
0 0.794271 0.373148 0.015625 0.107407
0 0.897396 0.268519 0.017708 0.077778
3 0.514844 0.487963 0.008854 0.014815
