1 0.148285 0.554903 0.015320 0.082028
0 0.259301 0.713674 0.017039 0.096792
0 0.250512 0.671222 0.015086 0.092444
0 0.282074 0.667056 0.017273 0.092444
0 0.287102 0.647007 0.014828 0.082903
0 0.306949 0.657944 0.024836 0.088111
0 0.340172 0.656771 0.016281 0.088542
0 0.340441 0.645354 0.012133 0.090708
0 0.359652 0.676174 0.017742 0.096792
0 0.381402 0.613542 0.014367 0.079861
0 0.412402 0.615889 0.013867 0.079000
0 0.402199 0.592403 0.015336 0.082028
0 0.407766 0.557035 0.012406 0.066847
0 0.474746 0.564153 0.010430 0.075528
2 0.560207 0.581424 0.025102 0.071181
0 0.587059 0.563326 0.008492 0.065542
0 0.592699 0.554083 0.007273 0.072056
0 0.597090 0.552215 0.008242 0.079431
0 0.613984 0.684417 0.017031 0.085500
3 0.804500 0.596660 0.005875 0.012764
0 0.832363 0.619597 0.022539 0.078083
0 0.919023 0.553715 0.013047 0.071319
2 0.245035 0.494340 0.015070 0.063681
2 0.695496 0.420090 0.011305 0.054069
