0 0.918229 0.679167 0.062500 0.202778
0 0.602604 0.432407 0.030208 0.133333
0 0.484115 0.631944 0.059896 0.176852
0 0.599740 0.459259 0.024479 0.140741
0 0.979688 0.547685 0.039583 0.128704
0 0.410417 0.575926 0.052083 0.161111
0 0.172135 0.645370 0.063021 0.177778
0 0.325000 0.638889 0.052083 0.159259
0 0.378906 0.532407 0.035937 0.159259
0 0.300260 0.487963 0.057813 0.144444
0 0.485156 0.487037 0.034896 0.161111
0 0.369010 0.462963 0.030729 0.144444
0 0.642448 0.477315 0.035937 0.145370
0 0.531771 0.533333 0.039583 0.170370
0 0.627344 0.442130 0.028646 0.132407
2 0.795052 0.616204 0.058854 0.182407
1 0.506771 0.454630 0.034375 0.142593
